%YAML:1.0
I1: !!opencv-matrix
   rows: 3
   cols: 3
   dt: d
   data: [ 6.2360723004324052e+002, 0., 3.3248400258289149e+002, 0.,
       6.2360723004324052e+002, 3.2327200642214530e+002, 0., 0., 1. ]
I2: !!opencv-matrix
   rows: 3
   cols: 3
   dt: d
   data: [ 6.2360723004324052e+002, 0., 3.1421240333141111e+002, 0.,
       6.2360723004324052e+002, 3.1820184911035852e+002, 0., 0., 1. ]
D1: !!opencv-matrix
   rows: 1
   cols: 4
   dt: d
   data: [ -3.9363200905411672e-001, 2.2324764988005610e+000, 0., 0. ]
D2: !!opencv-matrix
   rows: 1
   cols: 4
   dt: d
   data: [ -5.3956892045437954e-001, 3.2729607138926258e+000, 0., 0. ]
R: !!opencv-matrix
   rows: 3
   cols: 3
   dt: d
   data: [ 9.9996015162411989e-001, 9.7297220218096957e-004,
       8.8740345368381948e-003, -9.3011968639549630e-004,
       9.9998789408870004e-001, -4.8318271301693591e-003,
       -8.8786283420466197e-003, 4.8233806754852176e-003,
       9.9994895117582039e-001 ]
T: !!opencv-matrix
   rows: 3
   cols: 1
   dt: d
   data: [ -1.0176147710371902e+001, 8.8873697357408160e-002,
       -3.3861951182730621e-001 ]
R1: !!opencv-matrix
   rows: 3
   cols: 3
   dt: d
   data: [ 9.9908177267082532e-001, -7.5954573003539604e-003,
       4.2165395116371407e-002, 7.6960775988507996e-003,
       9.9996791046065103e-001, -2.2245086091365689e-003,
       -4.2147145888110686e-002, 2.5469741573394687e-003,
       9.9910816782575051e-001 ]
R2: !!opencv-matrix
   rows: 3
   cols: 3
   dt: d
   data: [ 9.9940874788851841e-001, -8.7283668755770930e-003,
       3.3256131097725558e-002, 8.6489715363821714e-003,
       9.9995939510559040e-001, 2.5305002321325881e-003,
       -3.3276867870438646e-002, -2.2413727372528184e-003,
       9.9944365839850424e-001 ]
P1: !!opencv-matrix
   rows: 3
   cols: 4
   dt: d
   data: [ 7.6956558610426282e+002, 0., 2.9947868919372559e+002, 0., 0.,
       7.6956558610426282e+002, 2.7315362262725830e+002, 0., 0., 0., 1.,
       0. ]
P2: !!opencv-matrix
   rows: 3
   cols: 4
   dt: d
   data: [ 7.6956558610426282e+002, 0., 2.9947868919372559e+002,
       -7.8358460375308387e+003, 0., 7.6956558610426282e+002,
       2.7315362262725830e+002, 0., 0., 0., 1., 0. ]
Q: !!opencv-matrix
   rows: 4
   cols: 4
   dt: d
   data: [ 1., 0., 0., -2.9947868919372559e+002, 0., 1., 0.,
       -2.7315362262725830e+002, 0., 0., 0., 7.6956558610426282e+002, 0.,
       0., 9.8210912059568917e-002, 0. ]
