%YAML:1.0
I1: !!opencv-matrix
   rows: 3
   cols: 3
   dt: d
   data: [ 6.2406791675936802e+002, 0., 3.3095461720839558e+002, 0.,
       6.2406791675936802e+002, 2.4690983006759970e+002, 0., 0., 1. ]
I2: !!opencv-matrix
   rows: 3
   cols: 3
   dt: d
   data: [ 6.2406791675936802e+002, 0., 3.3857343677141625e+002, 0.,
       6.2406791675936802e+002, 2.5810072939274528e+002, 0., 0., 1. ]
D1: !!opencv-matrix
   rows: 1
   cols: 4
   dt: d
   data: [ 0., 0., 0., 0. ]
D2: !!opencv-matrix
   rows: 1
   cols: 4
   dt: d
   data: [ 0., 0., 0., 0. ]
R: !!opencv-matrix
   rows: 3
   cols: 3
   dt: d
   data: [ 9.9996572397847394e-001, 5.2313650372451861e-003,
       6.4174518349263522e-003, -5.2265163544175947e-003,
       9.9998604360865673e-001, -7.7208464736357478e-004,
       -6.4214013270871293e-003, 7.3851726640464526e-004,
       9.9997910988042327e-001 ]
T: !!opencv-matrix
   rows: 3
   cols: 1
   dt: d
   data: [ -1.0314283661344109e-001, -1.0116383249742343e+001,
       -5.8516178588911907e-002 ]
R1: !!opencv-matrix
   rows: 3
   cols: 3
   dt: d
   data: [ 9.9998266807012615e-001, -4.9475179896462402e-003,
       3.1914926122395939e-003, 4.9312757700917809e-003,
       9.9997495209830789e-001, 5.0771739448559131e-003,
       -3.2165320814751238e-003, -5.0613478174439310e-003,
       9.9998201817814703e-001 ]
R2: !!opencv-matrix
   rows: 3
   cols: 3
   dt: d
   data: [ 9.9994299162015798e-001, -1.0176338811408650e-002,
       -3.2335179177045014e-003, 1.0194923267362986e-002,
       9.9993130265502750e-001, 5.7839009494087311e-003,
       3.1744368478958283e-003, -5.8165366856410316e-003,
       9.9997804518483480e-001 ]
P1: !!opencv-matrix
   rows: 3
   cols: 4
   dt: d
   data: [ 6.2406791675936802e+002, 0., 3.3466303253173828e+002, 0., 0.,
       6.2406791675936802e+002, 2.4874196815490723e+002, 0., 0., 0., 1.,
       0. ]
P2: !!opencv-matrix
   rows: 3
   cols: 4
   dt: d
   data: [ 6.2406791675936802e+002, 0., 3.3466303253173828e+002, 0., 0.,
       6.2406791675936802e+002, 2.4874196815490723e+002,
       -6.3137439572527710e+003, 0., 0., 1., 0. ]
Q: !!opencv-matrix
   rows: 4
   cols: 4
   dt: d
   data: [ 1., 0., 0., -3.3466303253173828e+002, 0., 1., 0.,
       -2.4874196815490723e+002, 0., 0., 0., 6.2406791675936802e+002, 0.,
       0., 9.8842766033057791e-002, 0. ]
