%YAML:1.0
I1: !!opencv-matrix
   rows: 3
   cols: 3
   dt: d
   data: [ 6.1194102340036193e+002, 0., 3.2972844709161848e+002, 0.,
       6.1194102340036193e+002, 2.4986641089236161e+002, 0., 0., 1. ]
I2: !!opencv-matrix
   rows: 3
   cols: 3
   dt: d
   data: [ 6.1194102340036193e+002, 0., 3.3809081859335998e+002, 0.,
       6.1194102340036193e+002, 2.5696365068483374e+002, 0., 0., 1. ]
D1: !!opencv-matrix
   rows: 1
   cols: 4
   dt: d
   data: [ 0., 0., 0., 0. ]
D2: !!opencv-matrix
   rows: 1
   cols: 4
   dt: d
   data: [ 0., 0., 0., 0. ]
R: !!opencv-matrix
   rows: 3
   cols: 3
   dt: d
   data: [ 9.9997691456316529e-001, 3.1840805192003756e-003,
       6.0026637403073268e-003, -3.1463525928957362e-003,
       9.9997530435461868e-001, -6.2841981389024932e-003,
       -6.0225248935251363e-003, 6.2651665688196953e-003,
       9.9996223772789128e-001 ]
T: !!opencv-matrix
   rows: 3
   cols: 1
   dt: d
   data: [ -1.0072159289388967e+001, 4.3380411920522027e-002,
       1.7632750199228561e-001 ]
R1: !!opencv-matrix
   rows: 3
   cols: 3
   dt: d
   data: [ 9.9993341026793559e-001, -1.2322560031152205e-003,
       -1.1474169908072228e-002, 1.1961677763705522e-003,
       9.9999431859032151e-001, -3.1515027731753909e-003,
       1.1477988176823363e-002, 3.1375678831455094e-003,
       9.9992920322150391e-001 ]
R2: !!opencv-matrix
   rows: 3
   cols: 3
   dt: d
   data: [ 9.9983752718236263e-001, -4.3062626926925491e-003,
       -1.7503580761660590e-002, 4.3612851800219950e-003,
       9.9998566418752344e-001, 3.1065432583549362e-003,
       1.7489952242272455e-002, -3.1823766368917665e-003,
       9.9984197453872892e-001 ]
P1: !!opencv-matrix
   rows: 3
   cols: 4
   dt: d
   data: [ 6.1194102340036193e+002, 0., 3.4516197967529297e+002, 0., 0.,
       6.1194102340036193e+002, 2.5348812675476074e+002, 0., 0., 0., 1.,
       0. ]
P2: !!opencv-matrix
   rows: 3
   cols: 4
   dt: d
   data: [ 6.1194102340036193e+002, 0., 3.4516197967529297e+002,
       -6.1645690383013216e+003, 0., 6.1194102340036193e+002,
       2.5348812675476074e+002, 0., 0., 0., 1., 0. ]
Q: !!opencv-matrix
   rows: 4
   cols: 4
   dt: d
   data: [ 1., 0., 0., -3.4516197967529297e+002, 0., 1., 0.,
       -2.5348812675476074e+002, 0., 0., 0., 6.1194102340036193e+002, 0.,
       0., 9.9267445882800176e-002, 0. ]
